00000000011111111111111110000000
00000000011111111111111110000000
00000000011100000000111110000000
00000000011000000000011111000000
00000001111100000000001111100000
00000001111100000000000111110000
00000001111100000000000111110000
00000001111100000000000111110000
00000001111100000000000111110000
00000001111100000000000111110000
00000001111100000000000111110000
00000001111100000000000111110000
00000001111100000000000111110000
00000001111100000000000111110000
00000001111100000000000111110000
00000001111100000000000111110000
00000001111000000000000111110000
00000001111100000000000111100000
00000001111100000000000111110000
00000001111100000000000111110000
00000001111100000000000111110000
00000001111100000000001111100000
00000000011100000000011111000000
00000000011100000000111110000000
00000000011111111111111110000000
00000000011111111111111110000000
00000000000001111111100000000000
00000000000000111111000000000000
00000000000000000000000000000000
00000000000000000000000000000000
00000000000000000000000000000000
00000000000000000000000000000000
