00000000000000000000000000000000
00000000000000000000000000000000
00000000000000000000000000000000
00000000000000000000000000000000
00000000000100001100000000000000
00000000111111111111111111000000
00000000111110000001111111000000
00000000111100000000111111000000
00000011111000000000011111110000
00000011111000000000000111110000
00000011111000000000000111110000
00000011111000000000000111110000
00000011111000000000000111110000
00000011111000000000000111110000
00000011111000000000000111110000
00000011111000000000000111110000
00000011111000000000000111110000
00000011111000000000000111110000
00000011111000000000000111110000
00000011111000000000000111110000
00000011111000000000000111110000
00000011111000000000000111110000
00000011111000000000000111110000
00000011111000000000011111110000
00000000111100000000011111000000
00000000111110000000011111000000
00000000111111111111111111000000
00000000000001111111111000000000
00000000000000011111100000000000
00000000000000000000000000000000
00000000000000000000000000000000
00000000000000000000000000000000
