00000000000000000000000000000000
00000000000000000000000000000000
00000000001111111111110000000000
00000000111110000001111100000000
00000000111100000000111110000000
00000000111100000000001111000000
00000001111000000000001111000000
00000011110000000000001111000000
00000011110000000000000011000000
00000011110000000000000011000000
00000011110000000000000011000000
00000011110000000000000011110000
00000011110000000000000011110000
00000011110000000000000011110000
00000011110000000000000011110000
00000011110000000000000011110000
00000011110000000000000011110000
00000011110000000000000011110000
00000011110000000000000011110000
00000011110000000000000011110000
00000011110000000000000011110000
00000011110000000000000011000000
00000011110000000000000011000000
00000011110000000000000011000000
00000000111100000000001111000000
00000000111110000000011111000000
00000000111111000000111111000000
00000000011111111111111110000000
00000000001111111111111100000000
00000000000000000000000000000000
00000000000000000000000000000000
00000000000000000000000000000000
