00000000000000000000000000000000
00000000000000000000000000000000
00000000000000000000000000000000
00000000000000000000000000000000
00000000000111111110000000000000
00000000011111111111100000000000
00000000111111111111111100000000
00000000111111100111111111000000
00000001111111000011111111000000
00000011111100000000111111000000
00000011111100000000111111000000
00000011111100000000111111000000
00000011111100000000111111000000
00000011111100000000111111000000
00000011111100000000011111100000
00000011111100000000001111110000
00000011111100000000001111110000
00000011111100000000001111110000
00000011111100000000001111110000
00000011111100000000001111000000
00000011111100000000001111100000
00000011111100000000001111110000
00000011111100000000111111000000
00000001111111000000111111000000
00000000111111100001111111000000
00000000111111111111111111000000
00000000011111111111111100000000
00000000000111111111111000000000
00000000000000000011000000000000
00000000000000000000000000000000
00000000000000000000000000000000
00000000000000000000000000000000
