00000000000000000000000000000000
00000000000000000000000000000000
00000000000000000000000000000000
00000000000000000000000000000000
00000000000001111111100000000000
00000000000111111111110000000000
00000000111111111111111100000000
00000000111111100000011111000000
00000001111111000000001111000000
00000011111100000000001111000000
00000011111100000000001111110000
00000011111100000000001111110000
00000011111100000000001111110000
00000011111100000000000011110000
00000011111000000000000011110000
00000011110000000000000011110000
00000011110000000000001111110000
00000011111000000000000111110000
00000011111100000000000011110000
00000011111100000000000011110000
00000011111100000000000011110000
00000011111100000000000011110000
00000011111100000000001111110000
00000001111100000000001111110000
00000000111110000000001111110000
00000000111111000000001111110000
00000000111111111111111111110000
00000000011111111111111111100000
00000000001111111111111100000000
00000000000000000000000000000000
00000000000000000000000000000000
00000000000000000000000000000000
