00000000000000000000000000000000
00000000000000000000000000000000
00000000011111111111111110000000
00000000011111111111111110000000
00000000011111000000111110000000
00000000011110000000011111000000
00000000011100000000000111100000
00000000111100000000000111110000
00000001111100000000000111110000
00000001111100000000000111110000
00000001111100000000000111110000
00000001111100000000000111110000
00000001111100000000000111110000
00000001111100000000000111110000
00000001111100000000000111110000
00000001111100000000000001110000
00000001111100000000000001110000
00000001111100000000000111110000
00000001111000000000000111110000
00000000011100000000000111110000
00000000011100000000000111110000
00000000011100000000000111110000
00000000011110000000000111110000
00000000011111000000000111110000
00000000011111111111111111000000
00000000011111111111111110000000
00000000000001111110000000000000
00000000000000111100000000000000
00000000000000000000000000000000
00000000000000000000000000000000
00000000000000000000000000000000
00000000000000000000000000000000
