00000000000000000000000000000000
00000000000000000000000000000000
00000000000000011111100000000000
00000000000010111111111110000000
00000000000111111111111111000000
00000000011111000000000111100000
00000000111110000000000111110000
00000000111110000000000111110000
00000000111110000000000111110000
00000000111110000000000111110000
00000000111100000000000111110000
00000000111000000000000111110000
00000001111000000000000111110000
00000011111000000000000111110000
00000011111000000000000111110000
00000001111000000000000111110000
00000000111110000000000111110000
00000000111110000000000111110000
00000000111110000000000111110000
00000000111110000000000111110000
00000000111110000000000111110000
00000000111110000000000111110000
00000000111110000000000111110000
00000000111110000000000111110000
00000000011110000000000111100000
00000000001111100000011111000000
00000000000111110000111111000000
00000000000111111111111111000000
00000000000010111111110110000000
00000000000000000000000000000000
00000000000000000000000000000000
00000000000000000000000000000000
