00000000000000000000000000000000
00000000000000000000000000000000
00000000011111111111111000000000
00000000011111111111111000000000
00000001111100000000111110000000
00000001111000000000111110000000
00000001110000000000111110000000
00000001110000000000011110000000
00000001111000000000001110000000
00000001111000000000000110000000
00000001110000000000000110000000
00000001100000000000000110000000
00000001100000000000000110000000
00000001100000000000000111000000
00000001100000000000000111100000
00000001100000000000000111110000
00000001100000000000000111110000
00000001100000000000000111110000
00000001100000000000000111110000
00000001100000000000000111100000
00000001100000000000000111000000
00000001110000000000001110000000
00000001111000000000011110000000
00000001111100000000111110000000
00000001111100000000111110000000
00000001111100000000111110000000
00000000011111111111111000000000
00000000011111111111111000000000
00000000000000000000000000000000
00000000000000000000000000000000
00000000000000000000000000000000
00000000000000000000000000000000
