00000000000000000000000000000000
00000000000000000000000000000000
00000000011111111111111110000000
00000000011111111111111110000000
00000000011111000011111110000000
00000001111100000000001111100000
00000001111100000000000111110000
00000001111100000000000111110000
00000001111100000000000111110000
00000001111100000000000111110000
00000001111100000000000111110000
00000001111100000000000111110000
00000001111100000000000111110000
00000001111100000000000111110000
00000001111100000000000111110000
00000001111100000000000111110000
00000001111100000000000111110000
00000001111000000000000111110000
00000001111100000000000111110000
00000001111100000000000111110000
00000001111100000000000111110000
00000001111100000000000111110000
00000001111100000000000111110000
00000000011110000000011111110000
00000000011111000000111111100000
00000000011111111111111110000000
00000000001111111111111100000000
00000000000000000011100000000000
00000000000000000000000000000000
00000000000000000000000000000000
00000000000000000000000000000000
00000000000000000000000000000000
