00000000000000000000000000000000
00000000000000000000000000000000
00000000000000000000000000000000
00000000000000000000000000000000
00000000000000000000100000000000
00000000000000111111110000000000
00000000001111111111111100000000
00000000011111111111111110000000
00000000111100000000001111000000
00000000111100000000001111000000
00000000111100000000001111000000
00000000111100000000001111000000
00000011111000000000001111000000
00000011110000000000001111000000
00000011110000000000001111000000
00000011110000000000001111110000
00000011110000000000001111110000
00000011110000000000000011000000
00000011110000000000001111000000
00000011110000000000001111000000
00000011110000000000001111000000
00000011111000000000001111000000
00000011111100000000001111000000
00000000111100000000001111000000
00000000111100000000001111000000
00000000111100000000001111000000
00000000111111111111111100000000
00000000010111111111111000000000
00000000000011111111110000000000
00000000000000000000000000000000
00000000000000000000000000000000
00000000000000000000000000000000
