00000000000000000000000000000000
00000000000000000000000000000000
00000000000000110000000000000000
00000000001111111111111111000000
00000000011111111111111111000000
00000000111111111111111111000000
00000000111111000000001111110000
00000000111110000000001111110000
00000000111100000000001111110000
00000011111100000000001111110000
00000011111100000000000111110000
00000011111100000000000011110000
00000011111100000000000011110000
00000011111100000000000011110000
00000011111100000000000011110000
00000011111100000000000011110000
00000011111100000000000011110000
00000011111100000000000011110000
00000001111100000000000011110000
00000000111110000000000011110000
00000000111111000000000011110000
00000000111111000000000011110000
00000000111111000000000011110000
00000000111111000000001111110000
00000000011111111111111111110000
00000000001111111111111111110000
00000000001111111111111111000000
00000000000001111111111000000000
00000000000000111111110000000000
00000000000000000000000000000000
00000000000000000000000000000000
00000000000000000000000000000000
