00000000000000000000000000000000
00000000000000000000000000000000
00000000000000000000000000000000
00000000000000000000000000000000
00000000000001111110000000000000
00000000000011111111000000000000
00000000111111111111111111000000
00000001111111111111111111000000
00000011111111111111111111000000
00000011111110000000011111110000
00000011111110000000011111110000
00000011111100000000011111110000
00000011111000000000011111110000
00000011111000000000000111110000
00000011111100000000000111110000
00000011111110000000000111110000
00000011111110000000000111110000
00000011111110000000000111110000
00000011111110000000000111110000
00000011111110000000000111110000
00000011111110000000001111110000
00000011111110000000011111110000
00000011111110000000011111110000
00000011111110000000011111110000
00000001111110000000011111110000
00000000111111111111111111110000
00000000111111111111111111000000
00000000011111111111111110000000
00000000000001111111100000000000
00000000000000000000000000000000
00000000000000000000000000000000
00000000000000000000000000000000
