00000000000000000000000000000000
00000000000000000000000000000000
00000000000000000000000000000000
00000000000000000000000000000000
00000000001100000100000000000000
00000000111111111111111111000000
00000001111000000000011111000000
00000011111000000000001111100000
00000011111000000000000111110000
00000011111000000000000111110000
00000011111000000000000111110000
00000011111000000000000111110000
00000011111000000000000111110000
00000011111000000000000011110000
00000011111000000000000001110000
00000011111000000000000011110000
00000011111000000000000111110000
00000011111000000000000111110000
00000011111000000000000111110000
00000011111000000000000011110000
00000011111000000000000001110000
00000011111000000000000000110000
00000011111000000000000001110000
00000011111000000000000111110000
00000011111000000000000111110000
00000001111000000000000111110000
00000000111110000000000111000000
00000000111111111111111111000000
00000000011111111111111110000000
00000000000000000000000000000000
00000000000000000000000000000000
00000000000000000000000000000000
