00000000011111111111111110000000
00000000011111111111111110000000
00000000011100000000111110000000
00000000011100000000011110000000
00000001111100000000001111100000
00000001111100000000000111110000
00000001111100000000000111110000
00000001111100000000000111110000
00000001111100000000000111110000
00000001111100000000000111110000
00000001111100000000000111110000
00000001111100000000000111110000
00000001111100000000000111110000
00000001111100000000000111110000
00000001111100000000000111110000
00000001111100000000000111110000
00000001111100000000000111110000
00000001111100000000000111110000
00000001111100000000000111110000
00000001111100000000000111110000
00000001111100000000000111100000
00000001111100000000000111000000
00000001111100000000000110000000
00000000111110000000011110000000
00000000011111000000011110000000
00000000011111100001111110000000
00000000011111111111111110000000
00000000001111111111111110000000
00000000000000000000000000000000
00000000000000000000000000000000
00000000000000000000000000000000
00000000000000000000000000000000
