00000000000000000000000000000000
00000000000000000000000000000000
00000000111111111111111100000000
00000000111111000000111110000000
00000000111110000000011111000000
00000001111000000000011111110000
00000011111000000000001111110000
00000011111000000000000111110000
00000011111000000000000111110000
00000011111000000000000111110000
00000011111000000000000111110000
00000011111000000000000111110000
00000011111000000000000111110000
00000011111000000000000111110000
00000011111000000000000111110000
00000011111000000000000111110000
00000011111000000000000111110000
00000011111000000000000111110000
00000011111000000000000111110000
00000011111000000000000111110000
00000011111000000000000111110000
00000011111000000000000111110000
00000011111000000000011111110000
00000001111100000000011111100000
00000000111110000000011111000000
00000000111111111111111111000000
00000000011111111111111110000000
00000000000000000111000000000000
00000000000000000010000000000000
00000000000000000000000000000000
00000000000000000000000000000000
00000000000000000000000000000000
