00000000000000000000000000000000
00000000000000000000000000000000
00000000000000000000000000000000
00000000000000000000000000000000
00000000000000000000000000000000
00000000011111111111111110000000
00000000111111100000111110000000
00000001111111000000011110000000
00000001111100000000001111100000
00000001111000000000000111110000
00000001111100000000000111110000
00000001111100000000000111110000
00000001111100000000000111110000
00000001111100000000000111100000
00000001111100000000000111110000
00000001111100000000000111110000
00000001111100000000000111110000
00000001111100000000000111110000
00000001111100000000000111110000
00000001111100000000000111110000
00000001111100000000000111110000
00000001111100000000000111110000
00000001111100000000000111110000
00000001111100000000001111110000
00000001111100000000011111110000
00000000111100000000111111100000
00000000011111111111111110000000
00000000000001111111100000000000
00000000000000111111000000000000
00000000000000000000000000000000
00000000000000000000000000000000
00000000000000000000000000000000
