00000000000000000000000000000000
00000000000000000000000000000000
00000000000000000000000000000000
00000000000000000000000000000000
00000000000000000000000000000000
00000000000000001111111110000000
00000000000000011111111111000000
00000000000001111111111111000000
00000000000111111111111111000000
00000000011111111111111111000000
00000000011111000011111111000000
00000000001100000001111111000000
00000000000000000001111111000000
00000000000000000001111111000000
00000000000000000001111111000000
00000000000000000001111111000000
00000000000000000001111111000000
00000000000000000001111111000000
00000000000000000001111111000000
00000000000000000001111111000000
00000000000000000001111111000000
00000000000000000001111111000000
00000000000000000001111111000000
00000000000000000001111111000000
00000000000000000001111111000000
00000000000000000001111111000000
00000000000000000001111111000000
00000000000000000000001111000000
00000000000000000000000110000000
00000000000000000000000000000000
00000000000000000000000000000000
00000000000000000000000000000000
