00000000000000000000000000000000
00000000000000000000000000000000
00000000000000000000000000000000
00000000000000000000000000000000
00000000000000000001111111000000
00000000000000000111111111100000
00000000000000001111111111100000
00000000000111111111111111100000
00000000011111111111111111100000
00000000111111111111111111100000
00000000111111110001111111100000
00000000111111000001111111100000
00000000011100000001111111100000
00000000000000000001111111100000
00000000000000000001111111100000
00000000000000000000111111100000
00000000000000000000011111100000
00000000000000000000011111100000
00000000000000000000011111100000
00000000000000000000111111100000
00000000000000000001111111100000
00000000000000000000011111100000
00000000000000000000011111100000
00000000000000000000011111100000
00000000000000000000011111100000
00000000000000000000011111100000
00000000000000000000011111100000
00000000000000000000011111100000
00000000000000000000011111100000
00000000000000000000000000000000
00000000000000000000000000000000
00000000000000000000000000000000
