00000000000000000000000000000000
00000000000000000000000000000000
00000000000000000000000000000000
00000000000000000000000000000000
00000000000000000000000000000000
00000000000000001111111100000000
00000000000000111111111100000000
00000000000011111111111100000000
00000000001111111111111100000000
00000000111111111011111100000000
00000000111111100001111100000000
00000000111000000001111100000000
00000000000000000001111100000000
00000000000000000001111110000000
00000000000000000001111111100000
00000000000000000001111110000000
00000000000000000001111110000000
00000000000000000001111111100000
00000000000000000001111111100000
00000000000000000001111111000000
00000000000000000001111100000000
00000000000000000001111100000000
00000000000000000001111100000000
00000000000000000001111100000000
00000000000000000001111100000000
00000000000000000001111100000000
00000000000000000001111100000000
00000000000000000001111100000000
00000000000000000001111100000000
00000000000000000000000000000000
00000000000000000000000000000000
00000000000000000000000000000000
