00000000000000000000000000000000
00000000000000000000000000000000
00000000000000001111110000000000
00000000000000011111111000000000
00000000000001111111111000000000
00000000000011111111111000000000
00000000001111111111111000000000
00000000011111111111111000000000
00000000011110000011111000000000
00000000001100000001111000000000
00000000000000000001111000000000
00000000000000000001111000000000
00000000000000000001110000000000
00000000000000000001111000000000
00000000000000000001111000000000
00000000000000000001111000000000
00000000000000000001111000000000
00000000000000000001111000000000
00000000000000000001111110000000
00000000000000000001111110000000
00000000000000000001111000000000
00000000000000000001111000000000
00000000000000000001111110000000
00000000000000000001111110000000
00000000000000000001111000000000
00000000000000000001111000000000
00000000000000000001111000000000
00000000000000000000110000000000
00000000000000000000000000000000
00000000000000000000000000000000
00000000000000000000000000000000
00000000000000000000000000000000
