00000000000000000000000000000000
00000000000000000000000000000000
00000000000000000000000000000000
00000000000000000000000000000000
00000000000000000001001000000000
00000000000000001111111111100000
00000000000000111111111111100000
00000000000011111111111111100000
00000000000111111111111111100000
00000000000111111011111111100000
00000000001111100001111111100000
00000000111110000001111111100000
00000000000000000001111111100000
00000000000000000001111111100000
00000000000000000001111111100000
00000000000000000001111111100000
00000000000000000001111111100000
00000000000000000001111111100000
00000000000000000001111111100000
00000000000000000001111111100000
00000000000000000001111111100000
00000000000000000001111111100000
00000000000000000001111111100000
00000000000000000001111111100000
00000000000000000001111111100000
00000000000000000001111111100000
00000000000000000001111111100000
00000000000000000000111110000000
00000000000000000000001100000000
00000000000000000000000000000000
00000000000000000000000000000000
00000000000000000000000000000000
