00000000000000000000000000000000
00000000000000000000000000000000
00000000000000000000000000000000
00000000000000000000000000000000
00000000000000000000000000000000
00000000000000000111111111000000
00000000000000011111111111000000
00000000000000111111111111000000
00000000000011111111111111000000
00000000001111111111111111000000
00000000011111100111111111000000
00000000000000000111111111000000
00000000000000000111111111000000
00000000000000000111111111000000
00000000000000000001111111000000
00000000000000000000111111000000
00000000000000000011111111000000
00000000000000000111111111000000
00000000000000000111111111000000
00000000000000000111111111000000
00000000000000000111111111000000
00000000000000000111111111000000
00000000000000000111111111000000
00000000000000000011111111000000
00000000000000000000111111000000
00000000000000000001111111000000
00000000000000000111111111000000
00000000000000000000111100000000
00000000000000000000011000000000
00000000000000000000000000000000
00000000000000000000000000000000
00000000000000000000000000000000
