00000000000000000000000000000000
00000000000000000000000000000000
00000000000000000001111111000000
00000000000000000111111111000000
00000000000000001111111111000000
00000000001111111111111111000000
00000000001111111111111111000000
00000000011111111111111111000000
00000000011111111111111111000000
00000000011110000001111111000000
00000000000100000001111111000000
00000000000000000001111111000000
00000000000000000001111111000000
00000000000000000001111111000000
00000000000000000001111111000000
00000000000000000001111111000000
00000000000000000001111111000000
00000000000000000001111111000000
00000000000000000001111111000000
00000000000000000001111111000000
00000000000000000001111111000000
00000000000000000001111111000000
00000000000000000001111111000000
00000000000000000001111111000000
00000000000000000001111111000000
00000000000000000001111111000000
00000000000000000001111111000000
00000000000000000001111111000000
00000000000000000000011100000000
00000000000000000000000000000000
00000000000000000000000000000000
00000000000000000000000000000000
