00000000000000000000000000000000
00000000000000000000000000000000
00000000000000000111111111000000
00000000000000011111111111000000
00000000000000111111111111000000
00000000000011111111111111000000
00000000001111110001111111000000
00000000011111000000111111000000
00000000000000000000111111000000
00000000000000000000111111000000
00000000000000000000111111000000
00000000000000000000111111000000
00000000000000000000111111000000
00000000000000000000111111000000
00000000000000000000111111000000
00000000000000000000111111000000
00000000000000000000111111000000
00000000000000000000111111000000
00000000000000000000111111000000
00000000000000000000111111000000
00000000000000000000111111000000
00000000000000000000111111000000
00000000000000000000111111000000
00000000000000000000111111000000
00000000000000000000111111000000
00000000000000000000111111000000
00000000000000000000111111000000
00000000000000000000111111000000
00000000000000000000011111000000
00000000000000000000000000000000
00000000000000000000000000000000
00000000000000000000000000000000
