00000000000000000000000000000000
00000000000000000000000000000000
00000000000000000000000000000000
00000000000000000000000000000000
00000000000000001111111111000000
00000000000000011111111111100000
00000000000001111111111111100000
00000000000111111111111111100000
00000000011111111111111111100000
00000000111111111111111111100000
00000000111110000001111111100000
00000000111000000001111111100000
00000000010000000001111111100000
00000000000000000001111111100000
00000000000000000001111111100000
00000000000000000001111111100000
00000000000000000001111111100000
00000000000000000001111111100000
00000000000000000001111111100000
00000000000000000001111111100000
00000000000000000001111111100000
00000000000000000001111111100000
00000000000000000001111111100000
00000000000000000001111111100000
00000000000000000001111111100000
00000000000000000001111111100000
00000000000000000001111111100000
00000000000000000001111111000000
00000000000000000001111100000000
00000000000000000000000000000000
00000000000000000000000000000000
00000000000000000000000000000000
