00000000000000000000000000000000
00000000000000000000000000000000
00000000000000000000000000000000
00000000000000000000000000000000
00000000000000000000000000000000
00000000000000001111111100000000
00000000000000111111111111000000
00000000000001111111111111100000
00000000000111111111111111100000
00000000011111111111111111100000
00000000111111111111111111100000
00000000111111000011111110000000
00000000111110000001111110000000
00000000000000000001111111100000
00000000000000000001111111100000
00000000000000000001111111100000
00000000000000000001111111100000
00000000000000000001111111100000
00000000000000000001111111100000
00000000000000000001111111100000
00000000000000000001111111100000
00000000000000000001111111100000
00000000000000000001111111100000
00000000000000000001111111100000
00000000000000000001111111100000
00000000000000000001111111100000
00000000000000000001111111100000
00000000000000000001111110000000
00000000000000000001111100000000
00000000000000000000000000000000
00000000000000000000000000000000
00000000000000000000000000000000
