00000000000000000000000000000000
00000000000000000000000000000000
00000000000000000000000000000000
00000000000000000000000000000000
00000000000000000001111111000000
00000000000000000011111111100000
00000000000000001111111111100000
00000000000111111111111111100000
00000000000111111111111111100000
00000000000111111111111111100000
00000000111111111011111111100000
00000000111111100001111111100000
00000000111110000001111111100000
00000000000000000001111111100000
00000000000000000001111111100000
00000000000000000001111111100000
00000000000000000001111111100000
00000000000000000001111111100000
00000000000000000001111111100000
00000000000000000001111111100000
00000000000000000001111111100000
00000000000000000001111111100000
00000000000000000001111111100000
00000000000000000001111111100000
00000000000000000001111111100000
00000000000000000001111111100000
00000000000000000001111111100000
00000000000000000001111111100000
00000000000000000000011111100000
00000000000000000000000000000000
00000000000000000000000000000000
00000000000000000000000000000000
