00000000000000000000000000000000
00000000000000000000000000000000
00000000000000000000000000000000
00000000000000000000000000000000
00000000000000000000000010000000
00000000000000000111111111000000
00000000000011111111111111000000
00000000001111111111111111000000
00000000011111111111111111000000
00000000011111111111111111000000
00000000011111111111111111000000
00000000011100000111111111000000
00000000000000000111111111000000
00000000000000000111111111000000
00000000000000000111111111000000
00000000000000000111111111000000
00000000000000000111111111000000
00000000000000000111111111000000
00000000000000000111111111000000
00000000000000000011111111000000
00000000000000000000111111000000
00000000000000000011111111000000
00000000000000000011111111000000
00000000000000000000111111000000
00000000000000000000111111000000
00000000000000000000111111000000
00000000000000000111111111000000
00000000000000000001111111000000
00000000000000000000011111000000
00000000000000000000000000000000
00000000000000000000000000000000
00000000000000000000000000000000
