00000000000000000000000000000000
00000000000000000000000000000000
00000000000000000000000000000000
00000000000000000000000000000000
00000000000000000000000000000000
00000000000000000000111110000000
00000000000000000011111111000000
00000000000001111111111111000000
00000000000111111111111111000000
00000000001111111111111111000000
00000000011111111011111111000000
00000000011111100001111111000000
00000000011110000001111111000000
00000000000000000001111111000000
00000000000000000001111111000000
00000000000000000001111111000000
00000000000000000001111111000000
00000000000000000001111111000000
00000000000000000001111111000000
00000000000000000001111111000000
00000000000000000001111111000000
00000000000000000001111111000000
00000000000000000001111111000000
00000000000000000001111111000000
00000000000000000001111111000000
00000000000000000001111111000000
00000000000000000001111111000000
00000000000000000001111111000000
00000000000000000000111110000000
00000000000000000000000000000000
00000000000000000000000000000000
00000000000000000000000000000000
