00000000000000000000000000000000
00000000000000000000000000000000
00000000000000000000111000000000
00000000000000000011111110000000
00000000000000000111111111000000
00000000000011111111111111000000
00000000000111111111111111000000
00000000011111111100111111000000
00000000011111110000111111000000
00000000011111000000111111000000
00000000000000000000111111000000
00000000000000000000111111000000
00000000000000000000111111000000
00000000000000000000111111000000
00000000000000000000111111000000
00000000000000000000111111000000
00000000000000000000111111000000
00000000000000000000111111000000
00000000000000000000111111000000
00000000000000000000111111000000
00000000000000000000111111000000
00000000000000000000111111000000
00000000000000000000111111000000
00000000000000000000111111000000
00000000000000000000111111000000
00000000000000000000111111000000
00000000000000000000111111000000
00000000000000000000111111000000
00000000000000000000011110000000
00000000000000000000000000000000
00000000000000000000000000000000
00000000000000000000000000000000
