00000000000000000000000000000000
00000000000000000000000000000000
00000000000000000000000000000000
00000000000000000000000000000000
00000000000000000000000000000000
00000000000000001111111100000000
00000000000000111111111100000000
00000000000011111111111100000000
00000000001111111111111100000000
00000000111111111111111100000000
00000000111111111111111110000000
00000000111110000001111111100000
00000000111000000001111111100000
00000000010000000001111111000000
00000000000000000001111100000000
00000000000000000001111111000000
00000000000000000001111111100000
00000000000000000001111111100000
00000000000000000001111110000000
00000000000000000001111110000000
00000000000000000001111111100000
00000000000000000001111111100000
00000000000000000001111111100000
00000000000000000001111111100000
00000000000000000001111111100000
00000000000000000001111111000000
00000000000000000001111100000000
00000000000000000001111100000000
00000000000000000001111100000000
00000000000000000000000000000000
00000000000000000000000000000000
00000000000000000000000000000000
