00000000000000000000000000000000
00000000000000000000000000000000
00000000000000000000000000000000
00000000000000000000000000000000
00000001111111111111111111100000
00000011111111111111111111110000
00000011111111111111111111110000
00000000000000000001111111110000
00000000000000000001111111100000
00000000000000000111111111000000
00000000000000011111111100000000
00000000000000111111111000000000
00000000000001111111110000000000
00000000000001111111111000000000
00000000000001111111111110000000
00000000000001111111111111000000
00000000000000000111111111110000
00000000000000000011111111110000
00000000000000000000011111110000
00000000000000000000011111110000
00000000000000000000011111110000
00000000000000000000011111110000
00000000000000000000011111110000
00000001000000000000111111110000
00000011100000000001111111100000
00000011111111111111111111000000
00000011111111111111111100000000
00000001111111111111111000000000
00000000000110011110000000000000
00000000000000000000000000000000
00000000000000000000000000000000
00000000000000000000000000000000
