00000000000000000000000000000000
00000000000000000000000000000000
00000000000000000000000000000000
00000000000111111111111100000000
00000000000111111111111100000000
00000000000110000000000000000000
00000000111110000000000000000000
00000000111110000000000000000000
00000000111110000000000000000000
00000000111110000000000000000000
00000000111110000000000000000000
00000000111111110000000000000000
00000000111111111111100000000000
00000000000111111111111100000000
00000000000000001111111100000000
00000000000000000001111100000000
00000000000000000000011111100000
00000000000000000000011111100000
00000000000000000000011111100000
00000000000000000000011111100000
00000000000000000000000011100000
00000000000000000000000011100000
00000000000000000000011111100000
00000000000000000000011111100000
00000000000000000000011100000000
00000000000000000001111100000000
00000000000000001111111100000000
00000000000001111111100000000000
00000000111111111110000000000000
00000000000110000000000000000000
00000000000000000000000000000000
00000000000000000000000000000000
