00000000000000000000000000000000
00000000000000000000000000000000
00000000000000000000000000000000
00000000111111111111111100000000
00000000111111111111111100000000
00000000111111111111111100000000
00000000111111111111111000000000
00000000111110000000000000000000
00000000111110000000000000000000
00000000111110000000000000000000
00000000111110000000000000000000
00000000111111110000000000000000
00000000111111111111100000000000
00000000111111111111100000000000
00000000111111111111111000000000
00000000000101000111111100000000
00000000000000000001111110000000
00000000000000000001111111100000
00000000000000000000011111100000
00000000000000000000011111100000
00000000000000000000011111100000
00000000000000000000011111100000
00000000000000000000011111100000
00000000000000000001111111100000
00000000000000000001111110000000
00000000000000000111111100000000
00000000011111111111111000000000
00000000111111111111100000000000
00000000111111111100000000000000
00000000111111110000000000000000
00000000000000000000000000000000
00000000000000000000000000000000
