00000000000000000000000000000000
00000000000000000000000000000000
00000000000000000000000000000000
00000000000000000000000000000000
00000000000000000011111100000000
00000000000000000111110000000000
00000000000000001111100000000000
00000000000000011111000000000000
00000000000001111100000000000000
00000000000011111000000000000000
00000000001111111000000000000000
00000000001111111000000000000000
00000000001111111000000000000000
00000000111111111111110000000000
00000000111111111111111110000000
00000001111111111000111110000000
00000001111111110000011111000000
00000001111110000000001111100000
00000001111100000000000111111000
00000001111000000000000011100000
00000001110000000000000011110000
00000011110000000000000011111000
00000111110000000000000011111000
00000001111100000000000011111000
00000001111100000000001111110000
00000001111110000000011111100000
00000000011111000000111111100000
00000000001111111111111110000000
00000000000111111111111100000000
00000000000000000110000000000000
00000000000000000000000000000000
00000000000000000000000000000000
