00000000000000000000000000000000
00000000000000000000000000000000
00000000000000000000000000000000
00000000000000000000000000000000
00000000000000000000000000000000
00000000000000000011110000000000
00000000000000001111000000000000
00000000000000011110000000000000
00000000000000111100000000000000
00000000000011110000000000000000
00000000000011110000000000000000
00000000000011110000000000000000
00000000001111100000000000000000
00000000001111100000000000000000
00000000001111111111110000000000
00000000111111100111111100000000
00000000111111000011111110000000
00000000111100000000001111000000
00000000111000000000000111110000
00000001110000000000000011110000
00000011110000000000000011110000
00000011110000000000000011110000
00000011110000000000000011110000
00000000110000000000000011110000
00000000111000000000000011110000
00000000111100000000000011110000
00000000111111000000001111000000
00000000011111111111111110000000
00000000001111111111111100000000
00000000000000001111000000000000
00000000000000000110000000000000
00000000000000000000000000000000
