00000000000000000000000000000000
00000000000000000000000000000000
00000000000000000000000000000000
00000000000000000000000000000000
00000000000000000000000000000000
00000000000000000000000000000000
00000000000000000110000000000000
00000000000000000110000000000000
00000000000000011000000000000000
00000000000000111000000000000000
00000000000001111000000000000000
00000000000011111000000000000000
00000000000011111000000000000000
00000000000011111100000000000000
00000000001111111111111100000000
00000000011111111111111110000000
00000000111110000000001110000000
00000001111100000000001110000000
00000001111100000000001111100000
00000001111100000000001111100000
00000001111100000000001111100000
00000000111100000000001111100000
00000000011100000000001110000000
00000000001110000000001110000000
00000000001111000000111110000000
00000000001111100000111100000000
00000000000000011111000000000000
00000000000000011110000000000000
00000000000000000000000000000000
00000000000000000000000000000000
00000000000000000000000000000000
00000000000000000000000000000000
