00000000000000000000000000000000
00000000000000000000000000000000
00000000000000000000000000000000
00000000000000000000000000000000
00000000000000000000000000000000
00000000000000000000000000000000
00000000011111111111111111000000
00000000011111111111111111000000
00000000000000000000111111000000
00000000000000000000111111000000
00000000000000000000111100000000
00000000000000000000111000000000
00000000000000000011111000000000
00000000000000000111111000000000
00000000000000000111100000000000
00000000000000000111000000000000
00000000000000011100000000000000
00000000000000111100000000000000
00000000000011111100000000000000
00000000000011111100000000000000
00000000000011111100000000000000
00000000000011111000000000000000
00000000000011100000000000000000
00000000000011100000000000000000
00000000000011100000000000000000
00000000000011100000000000000000
00000000000011100000000000000000
00000000000011000000000000000000
00000000000000000000000000000000
00000000000000000000000000000000
00000000000000000000000000000000
00000000000000000000000000000000
