00000000000000000000000000000000
00000000000000000000000000000000
00000000000000000000000000000000
00000000000000000000000000000000
00000000111111000011111100000000
00000011111111111111111111110000
00000011111111111111111111110000
00000011111111111111111111110000
00000000000000000000001111000000
00000000000000000000111111000000
00000000000000000001111110000000
00000000000000000011111100000000
00000000000000000011111100000000
00000000000000001111111000000000
00000000000000011111110000000000
00000000000000111111000000000000
00000000000000111111000000000000
00000000000011111110000000000000
00000000000011111100000000000000
00000000000011111100000000000000
00000000000011111100000000000000
00000000000011111000000000000000
00000000000011110000000000000000
00000000000011110000000000000000
00000000000011110000000000000000
00000000000011111100000000000000
00000000000011111100000000000000
00000000000011110000000000000000
00000000000011000000000000000000
00000000000000000000000000000000
00000000000000000000000000000000
00000000000000000000000000000000
