00000000000000000000000000000000
00000000000000000000000000000000
00000000000000000000000000000000
00000000000000000000000000000000
00000000000000000110000100000000
00000001111111111111111111100000
00000000000000000000001111110000
00000000000000000000000111110000
00000000000000000000000111100000
00000000000000000000000111000000
00000000000000000000000110000000
00000000000000000000000110000000
00000000000000000000011000000000
00000000000000000000110000000000
00000000000000000011100000000000
00000000000000001111100000000000
00000000000000001111000000000000
00000000000000001100000000000000
00000000000000111100000000000000
00000000000000111100000000000000
00000000000000110000000000000000
00000000000000110000000000000000
00000000000000110000000000000000
00000000000000110000000000000000
00000000000011110000000000000000
00000000000011110000000000000000
00000000000001110000000000000000
00000000000000110000000000000000
00000000000000110000000000000000
00000000000000000000000000000000
00000000000000000000000000000000
00000000000000000000000000000000
