00000000000000000000000000000000
00000000000000000000000000000000
00000000000000000000000000000000
00000000000000000000000000000000
00000000000011111111000000000000
00000000011111111111110100000000
00000001111111111111111110000000
00000001111111100001111110000000
00000001111111000001111111000000
00000001111110000001111111000000
00000001111110000001111111000000
00000001111110000001111110000000
00000000111111111111111110000000
00000000011111111111111100000000
00000000011111111111111000000000
00000000011111111111111000000000
00000000011111111111111000000000
00000001111111111111111110000000
00000011111111000011111111000000
00000011111100000000111111000000
00000011111000000000011111100000
00000011111000000000001111110000
00000011111000000000001111110000
00000011111000000000001111110000
00000011111000000000011111110000
00000011111110000000011111100000
00000001111111111111111111000000
00000000111111111111111111000000
00000000011111111111111110000000
00000000000000000000000000000000
00000000000000000000000000000000
00000000000000000000000000000000
