00000000000000000000000000000000
00000000000000000000000000000000
00000000000000000000000000000000
00000000000000000000000000000000
00000000000000000000000000000000
00000000000000000000000000000000
00000000000000111111111100000000
00000000000001111111111110000000
00000000000111111000011111000000
00000000000111110000011111100000
00000000000111000000011111100000
00000000000111000000011111100000
00000000000111110000011111100000
00000000000111111000011111000000
00000000000001111111111110000000
00000000000001111111111100000000
00000000000001111111111100000000
00000000000001111111111110000000
00000000000111000000011111000000
00000000001110000000001111100000
00000000111110000000000111100000
00000000111110000000000011100000
00000000111110000000000011100000
00000000111110000000000111100000
00000000001110000000001111100000
00000000000111000000011111000000
00000000000111111111111110000000
00000000000111111111111100000000
00000000000000000000000000000000
00000000000000000000000000000000
00000000000000000000000000000000
00000000000000000000000000000000
