00000000000000000000000000000000
00000000000000000000000000000000
00000000000000000000000000000000
00000000000000000000000000000000
00000000000000000000000000000000
00000000000000011110000000000000
00000000000000111111000000000000
00000000001111111111111100000000
00000000001111111111111110000000
00000000001111100001111110000000
00000000001111100000111111000000
00000000001111100000001111100000
00000000001111100000011111000000
00000000001111100001111110000000
00000000000111111111111000000000
00000000000011111111110000000000
00000000001111111111110000000000
00000000001111111111111000000000
00000000001111111001111110000000
00000000011111110000011111000000
00000001111100000000001111100000
00000001111100000000001111100000
00000001111100000000001111100000
00000001111100000000001111100000
00000001111110000000001111100000
00000001111111111000111111100000
00000000111111111101111111000000
00000000001111111111111110000000
00000000000111111110111000000000
00000000000000000000000000000000
00000000000000000000000000000000
00000000000000000000000000000000
