00000000000000000000000000000000
00000000000000000000000000000000
00000000000000000000000000000000
00000000000000000000000000000000
00000000000011111111110000000000
00000000001111111111111110000000
00000000011111111111111110000000
00000000111111110000111111000000
00000000111111100000111111100000
00000001111111000000111111100000
00000000111111000000111111100000
00000000111111111001111111100000
00000000111111111111111111000000
00000000011111111111111110000000
00000000001111111111111100000000
00000000001111111111111100000000
00000000111111111111111110000000
00000000111111111111111111100000
00000001111111111111111111110000
00000011111111100000011111111000
00000111111110000000001111111000
00000111111100000000001111111000
00000111111100000000000111111000
00000111111100000000000011111000
00000011111100000000000111111000
00000001111111000000001111111000
00000001111111111111111111111000
00000000111111111111111111100000
00000000000111111111111111000000
00000000000011111111111110000000
00000000000000000000000000000000
00000000000000000000000000000000
